================================================================================
AMORTIZATION SCHEDULE: LOAN LN-2024-001  BORROWER: John Smith
Original Amount: 500000.00  Rate: 6.500000%  Term: 360 months
--------------------------------------------------------------------------------
PMT#  PAYMENT     INTEREST    PRINCIPAL   ESCROW      BALANCE     CUMUL-INT
--------------------------------------------------------------------------------
1 3200.00 270833 -267633 400.00 767633 270833
2 3200.00 415801 -412601 400.00 1180234 686634
3 3200.00 639293 -636093 400.00 1816327 1325927
4 3200.00 983844 -980644 400.00 2796971 2309771
5 3200.00 1515026 -1511826 400.00 4308797 3824797
6 3200.00 2333932 -2330732 400.00 6639529 6158729
7 3200.00 3596412 -3593212 400.00 10232741 9755141
8 3200.00 5542735 -5539535 400.00 15772276 15297876
9 3200.00 8543316 -8540116 400.00 24312392 23841192
10 3200.00 13169212 -13166012 400.00 37478404 37010404
11 3200.00 20300802 -20297602 400.00 57776006 57311206
12 3200.00 31295337 -31292137 400.00 89068143 88606543
13 3200.00 48245244 -48242044 400.00 137310187 136851787
14 3200.00 74376351 -74373151 400.00 211683338 211228138
15 3200.00 114661808 -114658608 400.00 326341946 325889946
16 3200.00 176768554 -176765354 400.00 503107300 502658500
17 3200.00 272516454 -272513254 400.00 775620554 775174954
18 3200.00 420127800 -420124600 400.00 1195745154 1195302754
19 3200.00 647695292 -647692092 400.00 1843437246 1842998046
20 3200.00 998528508 -998525308 400.00 2841962554 2841526554
21 3200.00 1539396383 -1539393183 400.00 4381355737 4380922937
22 3200.00 2373234358 -2373231158 400.00 6754586895 6754157295
23 3200.00 3658734568 -3658731368 400.00 10413318263 10412891863
24 3200.00 5640547392 -5640544192 400.00 16053862455 16053439255
25 3200.00 8695842163 -8695838963 400.00 24749701418 24749281418
26 3200.00 13406088268 -13406085068 400.00 38155786486 38155369686
27 3200.00 20667717680 -20667714480 400.00 58823500966 58823087366
28 3200.00 31862729690 -31862726490 400.00 90686227456 90685817056
29 3200.00 49121706539 -49121703339 400.00 139807930795 139807523595
30 3200.00 75729295847 -75729292647 400.00 215537223442 215536819442
31 3200.00 116749329364 -116749326164 400.00 332286549606 332286148806
32 3200.00 179988547703 -179988544503 400.00 512275094109 512274696509
33 3200.00 277482342642 -277482339442 400.00 789757433551 789757039151
34 3200.00 427785276507 -427785273307 400.00 1217542706858 1217542315658
35 3200.00 659502299548 -659502296348 400.00 1877045003206 1877044615206
36 3200.00 1016732710070 -1016732706870 400.00 2893777710076 2893777325276
37 3200.00 1567462926291 -1567462923091 400.00 4461240633167 4461240251567
38 3200.00 2416505342965 -2416505339765 400.00 6877745972932 6877745594532
39 3200.00 3725445735338 -3725445732138 400.00 10603191705070 10603191329870
40 3200.00 5743395506913 -5743395503713 400.00 16346587208783 16346586836783
41 3200.00 8854401404757 -8854401401557 400.00 25200988610340 25200988241540
42 3200.00 13650535497268 -13650535494068 400.00 38851524104408 38851523738808
43 3200.00 21044575556554 -21044575553354 400.00 59896099657762 59896099295362
44 3200.00 32443720647954 -32443720644754 400.00 92339820302516 92339819943316
45 3200.00 50017402663863 -50017402660663 400.00 142357222963179 142357222607179
46 3200.00 77110162438389 -77110162435189 400.00 219467385398368 219467385045568
47 3200.00 118878167090783 -118878167087583 400.00 338345552485951 338345552136351
48 3200.00 183270507596557 -183270507593357 400.00 521616060079308 521616059732908
49 3200.00 282542032542959 -282542032539759 400.00 804158092619067 804158092275867
50 3200.00 435585633501995 -435585633498795 400.00 1239743726117862 1239743725777862
51 3200.00 671527851647175 -671527851643975 400.00 1911271577761837 1911271577425037
52 3200.00 1035272104620995 -1035272104617795 400.00 2946543682379632 2946543682046032
53 3200.00 1596044494622301 -1596044494619101 400.00 4542588176998733 4542588176668333
54 3200.00 2460568595874314 -2460568595871114 400.00 7003156772869847 7003156772542647
55 3200.00 3793376585304500 -3793376585301300 400.00 10796533358171148 10796533357847148
56 3200.00 5848122235676038 -5848122235672838 400.00 16644655593843986 16644655593523186
57 3200.00 9015855113332158 -9015855113328958 400.00 25660510707172944 25660510706855344
58 3200.00 13899443299718678 -13899443299715478 400.00 39559954006888424 39559954006574024
59 3200.00 21428308420397896 -21428308420394696 400.00 60988262427283120 60988262426971920
60 3200.00 33035308814778356 -33035308814775156 400.00 94023571242058270 94023571241750270
61 3200.00 50929434422781560 -50929434422778360 400.00 144953005664836640 144953005664531840
62 3200.00 78516211401786510 -78516211401783310 400.00 223469217066619970 223469217066318340
63 3200.00 121045825911085810 -121045825911082610 400.00 344515042977702600 344515042977404160
64 3200.00 186612314946255550 -186612314946252350 400.00 531127357923954940 531127357923659700
65 3200.00 287693985542142240 -287693985542139040 400.00 818821343466094000 818821343465802000
66 3200.00 443528227710800830 -443528227710797630 400.00 1262349571176891600 1262349571176603000
67 3200.00 683772684387482900 -683772684387479700 400.00 1946122255564371500 1946122255564085800
68 3200.00 1054149555097367800 -1054149555097364600 400.00 3000271810661736000 3000271810661454000
69 3200.00 1625147230775106800 -1625147230775103500 400.00 4625419041436840000 4625419041436560000
70 3200.00 2505435314111621600 -2505435314111618600 400.00 7130854355548459000 7130854355548183000
71 3200.00 3862546109255415000 -3862546109255411700 400.00 10993400464803870000 10993400464803598000
72 3200.00 5954758585102096000 -5954758585102093000 400.00 16948159049905963000 16948159049905695000
73 3200.00 9180252818699062000 -9180252818699059000 400.00 26128411868605022000 26128411868604756000
74 3200.00 14152889762161054000 -14152889762161050000 400.00 40281301630766070000 40281301630765810000
75 3200.00 21819038383331620000 -21819038383331615000 400.00 62100340014097690000 62100340014097430000
76 3200.00 33637684174302913000 -33637684174302910000 400.00 95738024188400600000 95738024188400340000
77 3200.00 51858096435383660000 -51858096435383660000 400.00 147596120623784260000 147596120623784000000
78 3200.00 79947898671216480000 -79947898671216480000 400.00 227544019295000720000 227544019295000460000
79 3200.00 123253010451458720000 -123253010451458720000 400.00 350797029746459400000 350797029746459150000
80 3200.00 190015057779332150000 -190015057779332150000 400.00 540812087525791560000 540812087525791300000
81 3200.00 292939880743137080000 -292939880743137080000 400.00 833751968268928700000 833751968268928400000
82 3200.00 451615649479003000000 -451615649479003000000 400.00 1285367617747931600000 1285367617747931400000
83 3200.00 696240792946796300000 -696240792946796300000 400.00 1981608410694727800000 1981608410694727800000
84 3200.00 1073371222459644100000 -1073371222459644100000 400.00 3054979633154372000000 3054979633154372000000
85 3200.00 1654780634625284800000 -1654780634625284800000 400.00 4709760267779656600000 4709760267779656600000
86 3200.00 2551120145047314000000 -2551120145047314000000 400.00 7260880412826971000000 7260880412826971000000
87 3200.00 3932976890281275700000 -3932976890281275700000 400.00 11193857303108246000000 11193857303108246000000
88 3200.00 6063339372516967000000 -6063339372516967000000 400.00 17257196675625212000000 17257196675625212000000
89 3200.00 9347648199296989000000 -9347648199296989000000 400.00 26604844874922200000000 26604844874922200000000
90 3200.00 14410957640582857000000 -14410957640582857000000 400.00 41015802515505054000000 41015802515505054000000
91 3200.00 22216893029231903000000 -22216893029231903000000 400.00 63232695544736960000000 63232695544736960000000
92 3200.00 34251043420065850000000 -34251043420065850000000 400.00 97483738964802820000000 97483738964802820000000
93 3200.00 52803691939268190000000 -52803691939268190000000 400.00 150287430904071020000000 150287430904071020000000
94 3200.00 81405691739705130000000 -81405691739705130000000 400.00 231693122643776160000000 231693122643776160000000
95 3200.00 125500441432045420000000 -125500441432045420000000 400.00 357193564075821600000000 357193564075821600000000
96 3200.00 193479847207736670000000 -193479847207736670000000 400.00 550673411283558200000000 550673411283558200000000
97 3200.00 298281431111927360000000 -298281431111927360000000 400.00 848954842395485700000000 848954842395485700000000
98 3200.00 459850539630888100000000 -459850539630888100000000 400.00 1308805382026373700000000 1308805382026373700000000
99 3200.00 708936248597619000000000 -708936248597619000000000 400.00 2017741630623992700000000 2017741630623992700000000
100 3200.00 1092943383254662700000000 -1092943383254662700000000 400.00 3110685013878655500000000 3110685013878655500000000
101 3200.00 1684954382517605000000000 -1684954382517605000000000 400.00 4795639396396261000000000 4795639396396261000000000
102 3200.00 2597638006381308000000000 -2597638006381308000000000 400.00 7393277402777569000000000 7393277402777569000000000
103 3200.00 4004691926504516500000000 -4004691926504516500000000 400.00 11397969329282087000000000 11397969329282087000000000
104 3200.00 6173900053361130000000000 -6173900053361130000000000 400.00 17571869382643217000000000 17571869382643217000000000
105 3200.00 9518095915598408000000000 -9518095915598408000000000 400.00 27089965298241626000000000 27089965298241626000000000
106 3200.00 14673731203214213000000000 -14673731203214213000000000 400.00 41763696501455840000000000 41763696501455840000000000
107 3200.00 22622002271621910000000000 -22622002271621910000000000 400.00 64385698773077750000000000 64385698773077750000000000
108 3200.00 34875586835417110000000000 -34875586835417110000000000 400.00 99261285608494860000000000 99261285608494860000000000
109 3200.00 53766529704601380000000000 -53766529704601380000000000 400.00 153027815313096240000000000 153027815313096240000000000
110 3200.00 82890066627927130000000000 -82890066627927130000000000 400.00 235917881941023360000000000 235917881941023360000000000
111 3200.00 127788852718054300000000000 -127788852718054300000000000 400.00 363706734659077660000000000 363706734659077660000000000
112 3200.00 197007814607000400000000000 -197007814607000400000000000 400.00 560714549266078000000000000 560714549266078000000000000
113 3200.00 303720380852458900000000000 -303720380852458900000000000 400.00 864434930118536900000000000 864434930118536900000000000
114 3200.00 468235587147540800000000000 -468235587147540800000000000 400.00 1332670517266077600000000000 1332670517266077600000000000
115 3200.00 721863196852458700000000000 -721863196852458700000000000 400.00 2054533714118536300000000000 2054533714118536300000000000
116 3200.00 1112872428480873700000000000 -1112872428480873700000000000 400.00 3167406142599410000000000000 3167406142599410000000000000
117 3200.00 1715678327241347000000000000 -1715678327241347000000000000 400.00 4883084469840757400000000000 4883084469840757400000000000
118 3200.00 2645004087830410000000000000 -2645004087830410000000000000 400.00 7528088557671168000000000000 7528088557671168000000000000
119 3200.00 4077714635405215000000000000 -4077714635405215000000000000 400.00 11605803193076384000000000000 11605803193076384000000000000
120 3200.00 6286476729583041000000000000 -6286476729583041000000000000 400.00 17892279922659424000000000000 17892279922659424000000000000
121 3200.00 9691651624773854000000000000 -9691651624773854000000000000 400.00 27583931547433280000000000000 27583931547433280000000000000
122 3200.00 14941296254859690000000000000 -14941296254859690000000000000 400.00 42525227802292970000000000000 42525227802292970000000000000
123 3200.00 23034498392908690000000000000 -23034498392908690000000000000 400.00 65559726195201654000000000000 65559726195201654000000000000
124 3200.00 35511518355734227000000000000 -35511518355734227000000000000 400.00 101071244550935880000000000000 101071244550935880000000000000
125 3200.00 54746924131756930000000000000 -54746924131756930000000000000 400.00 155818168682692820000000000000 155818168682692820000000000000
126 3200.00 84401508036458600000000000000 -84401508036458600000000000000 400.00 240219676719151420000000000000 240219676719151420000000000000
127 3200.00 130118991556207000000000000000 -130118991556207000000000000000 400.00 370338668275358400000000000000 370338668275358400000000000000
128 3200.00 200600111982485800000000000000 -200600111982485800000000000000 400.00 570938780257844200000000000000 570938780257844200000000000000
129 3200.00 309258505972998940000000000000 -309258505972998940000000000000 400.00 880197286230843100000000000000 880197286230843100000000000000
130 3200.00 476773530041706640000000000000 -476773530041706640000000000000 400.00 1356970816272549800000000000000 1356970816272549800000000000000
131 3200.00 735025858814297800000000000000 -735025858814297800000000000000 400.00 2091996675086847400000000000000 2091996675086847400000000000000
132 3200.00 1133164865672042300000000000000 -1133164865672042300000000000000 400.00 3225161540758890000000000000000 3225161540758890000000000000000
133 3200.00 1746962501244398600000000000000 -1746962501244398600000000000000 400.00 4972124042003288600000000000000 4972124042003288600000000000000
134 3200.00 2693233856085114500000000000000 -2693233856085114500000000000000 400.00 7665357898088404000000000000000 7665357898088404000000000000000
135 3200.00 4152068861464551400000000000000 -4152068861464551400000000000000 400.00 11817426759552956000000000000000 11817426759552956000000000000000
136 3200.00 6401106161424517000000000000000 -6401106161424517000000000000000 400.00 18218532920977472000000000000000 18218532920977472000000000000000
137 3200.00 9868371998862797000000000000000 -9868371998862797000000000000000 400.00 28086904919840270000000000000000 28086904919840270000000000000000
138 3200.00 15213740164913479000000000000000 -15213740164913479000000000000000 400.00 43300645084753745000000000000000 43300645084753745000000000000000
139 3200.00 23454516087574940000000000000000 -23454516087574940000000000000000 400.00 66755161172328680000000000000000 66755161172328680000000000000000
140 3200.00 36159045635011370000000000000000 -36159045635011370000000000000000 400.00 102914206807340050000000000000000 102914206807340050000000000000000
141 3200.00 55745195353975860000000000000000 -55745195353975860000000000000000 400.00 158659402161315900000000000000000 158659402161315900000000000000000
142 3200.00 85940509504046100000000000000000 -85940509504046100000000000000000 400.00 244599911665362000000000000000000 244599911665362000000000000000000
143 3200.00 132491618818737740000000000000000 -132491618818737740000000000000000 400.00 377091530484099750000000000000000 377091530484099750000000000000000
144 3200.00 204257912345554000000000000000000 -204257912345554000000000000000000 400.00 581349442829653700000000000000000 581349442829653700000000000000000
145 3200.00 314897614866062420000000000000000 -314897614866062420000000000000000 400.00 896247057695716200000000000000000 896247057695716200000000000000000
146 3200.00 485467156251846200000000000000000 -485467156251846200000000000000000 400.00 1381714213947562300000000000000000 1381714213947562300000000000000000
147 3200.00 748428532554929500000000000000000 -748428532554929500000000000000000 400.00 2130142746502491700000000000000000 2130142746502491700000000000000000
148 3200.00 1153827321022183000000000000000000 -1153827321022183000000000000000000 400.00 3283970067524675000000000000000000 3283970067524675000000000000000000
149 3200.00 1778817119909198700000000000000000 -1778817119909198700000000000000000 400.00 5062787187433873600000000000000000 5062787187433873600000000000000000
150 3200.00 2742343059860015000000000000000000 -2742343059860015000000000000000000 400.00 7805130247293888000000000000000000 7805130247293888000000000000000000
151 3200.00 4227778883950856000000000000000000 -4227778883950856000000000000000000 400.00 12032909131244744000000000000000000 12032909131244744000000000000000000
152 3200.00 6517825779424236000000000000000000 -6517825779424236000000000000000000 400.00 18550734910668980000000000000000000 18550734910668980000000000000000000
153 3200.00 10048314743279030000000000000000000 -10048314743279030000000000000000000 400.00 28599049653948010000000000000000000 28599049653948010000000000000000000
154 3200.00 15491151895888505000000000000000000 -15491151895888505000000000000000000 400.00 44090201549836510000000000000000000 44090201549836510000000000000000000
155 3200.00 23882192506161443000000000000000000 -23882192506161443000000000000000000 400.00 67972394055997950000000000000000000 67972394055997950000000000000000000
156 3200.00 36818380113665556000000000000000000 -36818380113665556000000000000000000 400.00 104790774169663510000000000000000000 104790774169663510000000000000000000
157 3200.00 56761669341901070000000000000000000 -56761669341901070000000000000000000 400.00 161552443511564570000000000000000000 161552443511564570000000000000000000
158 3200.00 87507573568764130000000000000000000 -87507573568764130000000000000000000 400.00 249060017080328700000000000000000000 249060017080328700000000000000000000
159 3200.00 134907509251844690000000000000000000 -134907509251844690000000000000000000 400.00 383967526332173400000000000000000000 383967526332173400000000000000000000
160 3200.00 207982410096593920000000000000000000 -207982410096593920000000000000000000 400.00 591949936428767300000000000000000000 591949936428767300000000000000000000
161 3200.00 320639548898915600000000000000000000 -320639548898915600000000000000000000 400.00 912589485327683000000000000000000000 912589485327683000000000000000000000
162 3200.00 494319304552494900000000000000000000 -494319304552494900000000000000000000 400.00 1406908789880178000000000000000000000 1406908789880178000000000000000000000
163 3200.00 762075594518429700000000000000000000 -762075594518429700000000000000000000 400.00 2168984384398607700000000000000000000 2168984384398607700000000000000000000
164 3200.00 1174866541549245700000000000000000000 -1174866541549245700000000000000000000 400.00 3343850925947853400000000000000000000 3343850925947853400000000000000000000
165 3200.00 1811252584888420300000000000000000000 -1811252584888420300000000000000000000 400.00 5155103510836274000000000000000000000 5155103510836274000000000000000000000
166 3200.00 2792347735036315000000000000000000000 -2792347735036315000000000000000000000 400.00 7947451245872589000000000000000000000 7947451245872589000000000000000000000
167 3200.00 4304869424847652000000000000000000000 -4304869424847652000000000000000000000 400.00 12252320670720241000000000000000000000 12252320670720241000000000000000000000
168 3200.00 6636673696640130000000000000000000000 -6636673696640130000000000000000000000 400.00 18888994367360372000000000000000000000 18888994367360372000000000000000000000
169 3200.00 10231538615653534000000000000000000000 -10231538615653534000000000000000000000 400.00 29120532983013907000000000000000000000 29120532983013907000000000000000000000
170 3200.00 15773622032465864000000000000000000000 -15773622032465864000000000000000000000 400.00 44894155015479780000000000000000000000 44894155015479780000000000000000000000
171 3200.00 24317667300051544000000000000000000000 -24317667300051544000000000000000000000 400.00 69211822315531320000000000000000000000 69211822315531320000000000000000000000
172 3200.00 37489737087579465000000000000000000000 -37489737087579465000000000000000000000 400.00 106701559403110790000000000000000000000 106701559403110790000000000000000000000
173 3200.00 57796678010018340000000000000000000000 -57796678010018340000000000000000000000 400.00 164498237413129130000000000000000000000 164498237413129130000000000000000000000
174 3200.00 89103211932111610000000000000000000000 -89103211932111610000000000000000000000 400.00 253601449345240760000000000000000000000 253601449345240760000000000000000000000
175 3200.00 137367451728672070000000000000000000000 -137367451728672070000000000000000000000 400.00 390968901073912850000000000000000000000 390968901073912850000000000000000000000
176 3200.00 211774821415036130000000000000000000000 -211774821415036130000000000000000000000 400.00 602743722488949000000000000000000000000 602743722488949000000000000000000000000
177 3200.00 326486183014847330000000000000000000000 -326486183014847330000000000000000000000 400.00 929229905503796300000000000000000000000 929229905503796300000000000000000000000
178 3200.00 503332865481222960000000000000000000000 -503332865481222960000000000000000000000 400.00 1432562770985019300000000000000000000000 1432562770985019300000000000000000000000
179 3200.00 775971500950218800000000000000000000000 -775971500950218800000000000000000000000 400.00 2208534271935238000000000000000000000000 2208534271935238000000000000000000000000
180 3200.00 1196289397298254000000000000000000000000 -1196289397298254000000000000000000000000 400.00 3404823669233492000000000000000000000000 3404823669233492000000000000000000000000
181 3200.00 1844279487501474700000000000000000000000 -1844279487501474700000000000000000000000 400.00 5249103156734967000000000000000000000000 5249103156734967000000000000000000000000
182 3200.00 2843264209898106500000000000000000000000 -2843264209898106500000000000000000000000 400.00 8092367366633073000000000000000000000000 8092367366633073000000000000000000000000
183 3200.00 4383365656926247500000000000000000000000 -4383365656926247500000000000000000000000 400.00 12475733023559322000000000000000000000000 12475733023559322000000000000000000000000
184 3200.00 6757688721094632000000000000000000000000 -6757688721094632000000000000000000000000 400.00 19233421744653954000000000000000000000000 19233421744653954000000000000000000000000
185 3200.00 10418103445020892000000000000000000000000 -10418103445020892000000000000000000000000 400.00 29651525189674845000000000000000000000000 29651525189674845000000000000000000000000
186 3200.00 16061242811073873000000000000000000000000 -16061242811073873000000000000000000000000 400.00 45712768000748720000000000000000000000000 45712768000748720000000000000000000000000
187 3200.00 24761082667072220000000000000000000000000 -24761082667072220000000000000000000000000 400.00 70473850667820940000000000000000000000000 70473850667820940000000000000000000000000
188 3200.00 38173335778403004000000000000000000000000 -38173335778403004000000000000000000000000 400.00 108647186446223940000000000000000000000000 108647186446223940000000000000000000000000
189 3200.00 58850559325037970000000000000000000000000 -58850559325037970000000000000000000000000 400.00 167497745771261910000000000000000000000000 167497745771261910000000000000000000000000
190 3200.00 90727945626100200000000000000000000000000 -90727945626100200000000000000000000000000 400.00 258225691397362100000000000000000000000000 258225691397362100000000000000000000000000
191 3200.00 139872249506904460000000000000000000000000 -139872249506904460000000000000000000000000 400.00 398097940904266600000000000000000000000000 398097940904266600000000000000000000000000
192 3200.00 215636384656477700000000000000000000000000 -215636384656477700000000000000000000000000 400.00 613734325560744300000000000000000000000000 613734325560744300000000000000000000000000
193 3200.00 332439426345403120000000000000000000000000 -332439426345403120000000000000000000000000 400.00 946173751906147300000000000000000000000000 946173751906147300000000000000000000000000
194 3200.00 512510782282496450000000000000000000000000 -512510782282496450000000000000000000000000 400.00 1458684534188643600000000000000000000000000 1458684534188643600000000000000000000000000
195 3200.00 790120789352181900000000000000000000000000 -790120789352181900000000000000000000000000 400.00 2248805323540825700000000000000000000000000 2248805323540825700000000000000000000000000
196 3200.00 1218102883584613800000000000000000000000000 -1218102883584613800000000000000000000000000 400.00 3466908207125439600000000000000000000000000 3466908207125439600000000000000000000000000
197 3200.00 1877908612192946200000000000000000000000000 -1877908612192946200000000000000000000000000 400.00 5344816819318386000000000000000000000000000 5344816819318386000000000000000000000000000
198 3200.00 2895109110464126000000000000000000000000000 -2895109110464126000000000000000000000000000 400.00 8239925929782513000000000000000000000000000 8239925929782513000000000000000000000000000
199 3200.00 4463293211965527500000000000000000000000000 -4463293211965527500000000000000000000000000 400.00 12703219141748040000000000000000000000000000 12703219141748040000000000000000000000000000
200 3200.00 6880910368446855000000000000000000000000000 -6880910368446855000000000000000000000000000 400.00 19584129510194894000000000000000000000000000 19584129510194894000000000000000000000000000
201 3200.00 10608070151355567000000000000000000000000000 -10608070151355567000000000000000000000000000 400.00 30192199661550460000000000000000000000000000 30192199661550460000000000000000000000000000
202 3200.00 16354108150006498000000000000000000000000000 -16354108150006498000000000000000000000000000 400.00 46546307811556950000000000000000000000000000 46546307811556950000000000000000000000000000
203 3200.00 25212583397926680000000000000000000000000000 -25212583397926680000000000000000000000000000 400.00 71758891209483640000000000000000000000000000 71758891209483640000000000000000000000000000
204 3200.00 38869399405136970000000000000000000000000000 -38869399405136970000000000000000000000000000 400.00 110628290614620610000000000000000000000000000 110628290614620610000000000000000000000000000
205 3200.00 59923657416252820000000000000000000000000000 -59923657416252820000000000000000000000000000 400.00 170551948030873440000000000000000000000000000 170551948030873440000000000000000000000000000
206 3200.00 92382305183389770000000000000000000000000000 -92382305183389770000000000000000000000000000 400.00 262934253214263200000000000000000000000000000 262934253214263200000000000000000000000000000
207 3200.00 142422720491059220000000000000000000000000000 -142422720491059220000000000000000000000000000 400.00 405356973705322400000000000000000000000000000 405356973705322400000000000000000000000000000
208 3200.00 219568360757049600000000000000000000000000000 -219568360757049600000000000000000000000000000 400.00 624925334462372040000000000000000000000000000 624925334462372040000000000000000000000000000
209 3200.00 338501222833784840000000000000000000000000000 -338501222833784840000000000000000000000000000 400.00 963426557296156800000000000000000000000000000 963426557296156800000000000000000000000000000
210 3200.00 521856051868751500000000000000000000000000000 -521856051868751500000000000000000000000000000 400.00 1485282609164908500000000000000000000000000000 1485282609164908500000000000000000000000000000
211 3200.00 804528079964325300000000000000000000000000000 -804528079964325300000000000000000000000000000 400.00 2289810689129233800000000000000000000000000000 2289810689129233800000000000000000000000000000
212 3200.00 1240314123278334900000000000000000000000000000 -1240314123278334900000000000000000000000000000 400.00 3530124812407568500000000000000000000000000000 3530124812407568500000000000000000000000000000
213 3200.00 1912150940054099400000000000000000000000000000 -1912150940054099400000000000000000000000000000 400.00 5442275752461668000000000000000000000000000000 5442275752461668000000000000000000000000000000
214 3200.00 2947899365916736500000000000000000000000000000 -2947899365916736500000000000000000000000000000 400.00 8390175118378404000000000000000000000000000000 8390175118378404000000000000000000000000000000
215 3200.00 4544678189121635400000000000000000000000000000 -4544678189121635400000000000000000000000000000 400.00 12934853307500040000000000000000000000000000000 12934853307500040000000000000000000000000000000
216 3200.00 7006378874895854000000000000000000000000000000 -7006378874895854000000000000000000000000000000 400.00 19941232182395894000000000000000000000000000000 19941232182395894000000000000000000000000000000
217 3200.00 10801500765464442000000000000000000000000000000 -10801500765464442000000000000000000000000000000 400.00 30742732947860334000000000000000000000000000000 30742732947860334000000000000000000000000000000
218 3200.00 16652313680091014000000000000000000000000000000 -16652313680091014000000000000000000000000000000 400.00 47395046627951340000000000000000000000000000000 47395046627951340000000000000000000000000000000
219 3200.00 25672316923473644000000000000000000000000000000 -25672316923473644000000000000000000000000000000 400.00 73067363551424990000000000000000000000000000000 73067363551424990000000000000000000000000000000
220 3200.00 39578155257021866000000000000000000000000000000 -39578155257021866000000000000000000000000000000 400.00 112645518808446840000000000000000000000000000000 112645518808446840000000000000000000000000000000
221 3200.00 61016322687908700000000000000000000000000000000 -61016322687908700000000000000000000000000000000 400.00 173661841496355550000000000000000000000000000000 173661841496355550000000000000000000000000000000
222 3200.00 94066830810525900000000000000000000000000000000 -94066830810525900000000000000000000000000000000 400.00 267728672306881460000000000000000000000000000000 267728672306881460000000000000000000000000000000
223 3200.00 145019697499560780000000000000000000000000000000 -145019697499560780000000000000000000000000000000 400.00 412748369806442260000000000000000000000000000000 412748369806442260000000000000000000000000000000
224 3200.00 223572033645156230000000000000000000000000000000 -223572033645156230000000000000000000000000000000 400.00 636320403451598500000000000000000000000000000000 636320403451598500000000000000000000000000000000
225 3200.00 344673551869615850000000000000000000000000000000 -344673551869615850000000000000000000000000000000 400.00 980993955321214400000000000000000000000000000000 980993955321214400000000000000000000000000000000
226 3200.00 531371725798991100000000000000000000000000000000 -531371725798991100000000000000000000000000000000 400.00 1512365681120205400000000000000000000000000000000 1512365681120205400000000000000000000000000000000
227 3200.00 819198077273444600000000000000000000000000000000 -819198077273444600000000000000000000000000000000 400.00 2331563758393650000000000000000000000000000000000 2331563758393650000000000000000000000000000000000
228 3200.00 1262930369129893600000000000000000000000000000000 -1262930369129893600000000000000000000000000000000 400.00 3594494127523543400000000000000000000000000000000 3594494127523543400000000000000000000000000000000
229 3200.00 1947017652408586000000000000000000000000000000000 -1947017652408586000000000000000000000000000000000 400.00 5541511779932129000000000000000000000000000000000 5541511779932129000000000000000000000000000000000
230 3200.00 3001652214129903000000000000000000000000000000000 -3001652214129903000000000000000000000000000000000 400.00 8543163994062032000000000000000000000000000000000 8543163994062032000000000000000000000000000000000
231 3200.00 4627547163450267000000000000000000000000000000000 -4627547163450267000000000000000000000000000000000 400.00 13170711157512300000000000000000000000000000000000 13170711157512300000000000000000000000000000000000
232 3200.00 7134135210319162000000000000000000000000000000000 -7134135210319162000000000000000000000000000000000 400.00 20304846367831462000000000000000000000000000000000 20304846367831462000000000000000000000000000000000
233 3200.00 10998458449242040000000000000000000000000000000000 -10998458449242040000000000000000000000000000000000 400.00 31303304817073500000000000000000000000000000000000 31303304817073500000000000000000000000000000000000
234 3200.00 16955956775914813000000000000000000000000000000000 -16955956775914813000000000000000000000000000000000 400.00 48259261592988310000000000000000000000000000000000 48259261592988310000000000000000000000000000000000
235 3200.00 26140433362868664000000000000000000000000000000000 -26140433362868664000000000000000000000000000000000 400.00 74399694955856970000000000000000000000000000000000 74399694955856970000000000000000000000000000000000
236 3200.00 40299834767755856000000000000000000000000000000000 -40299834767755856000000000000000000000000000000000 400.00 114699529723612830000000000000000000000000000000000 114699529723612830000000000000000000000000000000000
237 3200.00 62128911933623610000000000000000000000000000000000 -62128911933623610000000000000000000000000000000000 400.00 176828441657236440000000000000000000000000000000000 176828441657236440000000000000000000000000000000000
238 3200.00 95782072564336400000000000000000000000000000000000 -95782072564336400000000000000000000000000000000000 400.00 272610514221572870000000000000000000000000000000000 272610514221572870000000000000000000000000000000000
239 3200.00 147664028536685300000000000000000000000000000000000 -147664028536685300000000000000000000000000000000000 400.00 420274542758258100000000000000000000000000000000000 420274542758258100000000000000000000000000000000000
240 3200.00 227648710660723150000000000000000000000000000000000 -227648710660723150000000000000000000000000000000000 400.00 647923253418981300000000000000000000000000000000000 647923253418981300000000000000000000000000000000000
241 3200.00 350958428935281500000000000000000000000000000000000 -350958428935281500000000000000000000000000000000000 400.00 998881682354262700000000000000000000000000000000000 998881682354262700000000000000000000000000000000000
242 3200.00 541060911275225600000000000000000000000000000000000 -541060911275225600000000000000000000000000000000000 400.00 1539942593629488400000000000000000000000000000000000 1539942593629488400000000000000000000000000000000000
243 3200.00 834135571549306000000000000000000000000000000000000 -834135571549306000000000000000000000000000000000000 400.00 2374078165178794500000000000000000000000000000000000 2374078165178794500000000000000000000000000000000000
244 3200.00 1285959006138513500000000000000000000000000000000000 -1285959006138513500000000000000000000000000000000000 400.00 3660037171317308000000000000000000000000000000000000 3660037171317308000000000000000000000000000000000000
245 3200.00 1982520134463541800000000000000000000000000000000000 -1982520134463541800000000000000000000000000000000000 400.00 5642557305780850000000000000000000000000000000000000 5642557305780850000000000000000000000000000000000000
246 3200.00 3056385207297960400000000000000000000000000000000000 -3056385207297960400000000000000000000000000000000000 400.00 8698942513078811000000000000000000000000000000000000 8698942513078811000000000000000000000000000000000000
247 3200.00 4711927194584355600000000000000000000000000000000000 -4711927194584355600000000000000000000000000000000000 400.00 13410869707663166000000000000000000000000000000000000 13410869707663166000000000000000000000000000000000000
248 3200.00 7264221091650880000000000000000000000000000000000000 -7264221091650880000000000000000000000000000000000000 400.00 20675090799314045000000000000000000000000000000000000 20675090799314045000000000000000000000000000000000000
249 3200.00 11199007516295106000000000000000000000000000000000000 -11199007516295106000000000000000000000000000000000000 400.00 31874098315609154000000000000000000000000000000000000 31874098315609154000000000000000000000000000000000000
250 3200.00 17265136587621625000000000000000000000000000000000000 -17265136587621625000000000000000000000000000000000000 400.00 49139234903230770000000000000000000000000000000000000 49139234903230770000000000000000000000000000000000000
251 3200.00 26617085572583330000000000000000000000000000000000000 -26617085572583330000000000000000000000000000000000000 400.00 75756320475814110000000000000000000000000000000000000 75756320475814110000000000000000000000000000000000000
252 3200.00 41034673591065974000000000000000000000000000000000000 -41034673591065974000000000000000000000000000000000000 400.00 116790994066880100000000000000000000000000000000000000 116790994066880100000000000000000000000000000000000000
253 3200.00 63261788452893380000000000000000000000000000000000000 -63261788452893380000000000000000000000000000000000000 400.00 180052782519773490000000000000000000000000000000000000 180052782519773490000000000000000000000000000000000000
254 3200.00 97528590531543970000000000000000000000000000000000000 -97528590531543970000000000000000000000000000000000000 400.00 277581373051317430000000000000000000000000000000000000 277581373051317430000000000000000000000000000000000000
255 3200.00 150356577069463600000000000000000000000000000000000000 -150356577069463600000000000000000000000000000000000000 400.00 427937950120781100000000000000000000000000000000000000 427937950120781100000000000000000000000000000000000000
256 3200.00 231799722982089730000000000000000000000000000000000000 -231799722982089730000000000000000000000000000000000000 400.00 659737673102870800000000000000000000000000000000000000 659737673102870800000000000000000000000000000000000000
257 3200.00 357357906264054960000000000000000000000000000000000000 -357357906264054960000000000000000000000000000000000000 400.00 1017095579366925800000000000000000000000000000000000000 1017095579366925800000000000000000000000000000000000000
258 3200.00 550926772157084700000000000000000000000000000000000000 -550926772157084700000000000000000000000000000000000000 400.00 1568022351524010600000000000000000000000000000000000000 1568022351524010600000000000000000000000000000000000000
259 3200.00 849345440408839100000000000000000000000000000000000000 -849345440408839100000000000000000000000000000000000000 400.00 2417367791932850000000000000000000000000000000000000000 2417367791932850000000000000000000000000000000000000000
260 3200.00 1309407553963626900000000000000000000000000000000000000 -1309407553963626900000000000000000000000000000000000000 400.00 3726775345896476700000000000000000000000000000000000000 3726775345896476700000000000000000000000000000000000000
261 3200.00 2018669979027258200000000000000000000000000000000000000 -2018669979027258200000000000000000000000000000000000000 400.00 5745445324923735000000000000000000000000000000000000000 5745445324923735000000000000000000000000000000000000000
262 3200.00 3112116217667023000000000000000000000000000000000000000 -3112116217667023000000000000000000000000000000000000000 400.00 8857561542590758000000000000000000000000000000000000000 8857561542590758000000000000000000000000000000000000000
263 3200.00 4797845835569993000000000000000000000000000000000000000 -4797845835569993000000000000000000000000000000000000000 400.00 13655407378160750000000000000000000000000000000000000000 13655407378160750000000000000000000000000000000000000000
264 3200.00 7396678996503740000000000000000000000000000000000000000 -7396678996503740000000000000000000000000000000000000000 400.00 21052086374664490000000000000000000000000000000000000000 21052086374664490000000000000000000000000000000000000000
265 3200.00 11403213452943265000000000000000000000000000000000000000 -11403213452943265000000000000000000000000000000000000000 400.00 32455299827607757000000000000000000000000000000000000000 32455299827607757000000000000000000000000000000000000000
266 3200.00 17579954073287534000000000000000000000000000000000000000 -17579954073287534000000000000000000000000000000000000000 400.00 50035253900895290000000000000000000000000000000000000000 50035253900895290000000000000000000000000000000000000000
267 3200.00 27102429196318280000000000000000000000000000000000000000 -27102429196318280000000000000000000000000000000000000000 400.00 77137683097213570000000000000000000000000000000000000000 77137683097213570000000000000000000000000000000000000000
268 3200.00 41782911677657340000000000000000000000000000000000000000 -41782911677657340000000000000000000000000000000000000000 400.00 118920594774870920000000000000000000000000000000000000000 118920594774870920000000000000000000000000000000000000000
269 3200.00 64415322169721740000000000000000000000000000000000000000 -64415322169721740000000000000000000000000000000000000000 400.00 183335916944592670000000000000000000000000000000000000000 183335916944592670000000000000000000000000000000000000000
270 3200.00 99306955011654360000000000000000000000000000000000000000 -99306955011654360000000000000000000000000000000000000000 400.00 282642871956247050000000000000000000000000000000000000000 282642871956247050000000000000000000000000000000000000000
271 3200.00 153098222309633800000000000000000000000000000000000000000 -153098222309633800000000000000000000000000000000000000000 400.00 435741094265880800000000000000000000000000000000000000000 435741094265880800000000000000000000000000000000000000000
272 3200.00 236026426060685400000000000000000000000000000000000000000 -236026426060685400000000000000000000000000000000000000000 400.00 671767520326566200000000000000000000000000000000000000000 671767520326566200000000000000000000000000000000000000000
273 3200.00 363874073510223350000000000000000000000000000000000000000 -363874073510223350000000000000000000000000000000000000000 400.00 1035641593836789600000000000000000000000000000000000000000 1035641593836789600000000000000000000000000000000000000000
274 3200.00 560972529994927600000000000000000000000000000000000000000 -560972529994927600000000000000000000000000000000000000000 400.00 1596614123831717300000000000000000000000000000000000000000 1596614123831717300000000000000000000000000000000000000000
275 3200.00 864832650408846800000000000000000000000000000000000000000 -864832650408846800000000000000000000000000000000000000000 400.00 2461446774240564000000000000000000000000000000000000000000 2461446774240564000000000000000000000000000000000000000000
276 3200.00 1333283669380305500000000000000000000000000000000000000000 -1333283669380305500000000000000000000000000000000000000000 400.00 3794730443620870000000000000000000000000000000000000000000 3794730443620870000000000000000000000000000000000000000000
277 3200.00 2055478990294637600000000000000000000000000000000000000000 -2055478990294637600000000000000000000000000000000000000000 400.00 5850209433915507000000000000000000000000000000000000000000 5850209433915507000000000000000000000000000000000000000000
278 3200.00 3168863443370899500000000000000000000000000000000000000000 -3168863443370899500000000000000000000000000000000000000000 400.00 9019072877286407000000000000000000000000000000000000000000 9019072877286407000000000000000000000000000000000000000000
279 3200.00 4885331141863470000000000000000000000000000000000000000000 -4885331141863470000000000000000000000000000000000000000000 400.00 13904404019149876000000000000000000000000000000000000000000 13904404019149876000000000000000000000000000000000000000000
280 3200.00 7531552177039515000000000000000000000000000000000000000000 -7531552177039515000000000000000000000000000000000000000000 400.00 21435956196189392000000000000000000000000000000000000000000 21435956196189392000000000000000000000000000000000000000000
281 3200.00 11611142939602587000000000000000000000000000000000000000000 -11611142939602587000000000000000000000000000000000000000000 400.00 33047099135791980000000000000000000000000000000000000000000 33047099135791980000000000000000000000000000000000000000000
282 3200.00 17900512031887320000000000000000000000000000000000000000000 -17900512031887320000000000000000000000000000000000000000000 400.00 50947611167679300000000000000000000000000000000000000000000 50947611167679300000000000000000000000000000000000000000000
283 3200.00 27596622715826284000000000000000000000000000000000000000000 -27596622715826284000000000000000000000000000000000000000000 400.00 78544233883505590000000000000000000000000000000000000000000 78544233883505590000000000000000000000000000000000000000000
284 3200.00 42544793353565525000000000000000000000000000000000000000000 -42544793353565525000000000000000000000000000000000000000000 400.00 121089027237071100000000000000000000000000000000000000000000 121089027237071100000000000000000000000000000000000000000000
285 3200.00 65589889753413510000000000000000000000000000000000000000000 -65589889753413510000000000000000000000000000000000000000000 400.00 186678916990484620000000000000000000000000000000000000000000 186678916990484620000000000000000000000000000000000000000000
286 3200.00 101117746703179150000000000000000000000000000000000000000000 -101117746703179150000000000000000000000000000000000000000000 400.00 287796663693663770000000000000000000000000000000000000000000 287796663693663770000000000000000000000000000000000000000000
287 3200.00 155889859500734520000000000000000000000000000000000000000000 -155889859500734520000000000000000000000000000000000000000000 400.00 443686523194398300000000000000000000000000000000000000000000 443686523194398300000000000000000000000000000000000000000000
288 3200.00 240330200063632400000000000000000000000000000000000000000000 -240330200063632400000000000000000000000000000000000000000000 400.00 684016723258030700000000000000000000000000000000000000000000 684016723258030700000000000000000000000000000000000000000000
289 3200.00 370509058431433240000000000000000000000000000000000000000000 -370509058431433240000000000000000000000000000000000000000000 400.00 1054525781689463900000000000000000000000000000000000000000000 1054525781689463900000000000000000000000000000000000000000000
290 3200.00 571201465081792900000000000000000000000000000000000000000000 -571201465081792900000000000000000000000000000000000000000000 400.00 1625727246771256700000000000000000000000000000000000000000000 1625727246771256700000000000000000000000000000000000000000000
291 3200.00 880602258667764000000000000000000000000000000000000000000000 -880602258667764000000000000000000000000000000000000000000000 400.00 2506329505439020700000000000000000000000000000000000000000000 2506329505439020700000000000000000000000000000000000000000000
292 3200.00 1357595148779469400000000000000000000000000000000000000000000 -1357595148779469400000000000000000000000000000000000000000000 400.00 3863924654218490000000000000000000000000000000000000000000000 3863924654218490000000000000000000000000000000000000000000000
293 3200.00 2092959187701682000000000000000000000000000000000000000000000 -2092959187701682000000000000000000000000000000000000000000000 400.00 5956883841920172400000000000000000000000000000000000000000000 5956883841920172400000000000000000000000000000000000000000000
294 3200.00 3226645414373427000000000000000000000000000000000000000000000 -3226645414373427000000000000000000000000000000000000000000000 400.00 9183529256293599000000000000000000000000000000000000000000000 9183529256293599000000000000000000000000000000000000000000000
295 3200.00 4974411680492366000000000000000000000000000000000000000000000 -4974411680492366000000000000000000000000000000000000000000000 400.00 14157940936785966000000000000000000000000000000000000000000000 14157940936785966000000000000000000000000000000000000000000000
296 3200.00 7668884674092398000000000000000000000000000000000000000000000 -7668884674092398000000000000000000000000000000000000000000000 400.00 21826825610878365000000000000000000000000000000000000000000000 21826825610878365000000000000000000000000000000000000000000000
297 3200.00 11822863872559114000000000000000000000000000000000000000000000 -11822863872559114000000000000000000000000000000000000000000000 400.00 33649689483437480000000000000000000000000000000000000000000000 33649689483437480000000000000000000000000000000000000000000000
298 3200.00 18226915136861966000000000000000000000000000000000000000000000 -18226915136861966000000000000000000000000000000000000000000000 400.00 51876604620299450000000000000000000000000000000000000000000000 51876604620299450000000000000000000000000000000000000000000000
299 3200.00 28099827502662200000000000000000000000000000000000000000000000 -28099827502662200000000000000000000000000000000000000000000000 400.00 79976432122961650000000000000000000000000000000000000000000000 79976432122961650000000000000000000000000000000000000000000000
300 3200.00 43320567399937557000000000000000000000000000000000000000000000 -43320567399937557000000000000000000000000000000000000000000000 400.00 123296999522899200000000000000000000000000000000000000000000000 123296999522899200000000000000000000000000000000000000000000000
301 3200.00 66785874741570400000000000000000000000000000000000000000000000 -66785874741570400000000000000000000000000000000000000000000000 400.00 190082874264469600000000000000000000000000000000000000000000000 190082874264469600000000000000000000000000000000000000000000000
302 3200.00 102961556893254370000000000000000000000000000000000000000000000 -102961556893254370000000000000000000000000000000000000000000000 400.00 293044431157723970000000000000000000000000000000000000000000000 293044431157723970000000000000000000000000000000000000000000000
303 3200.00 158732400210433800000000000000000000000000000000000000000000000 -158732400210433800000000000000000000000000000000000000000000000 400.00 451776831368157800000000000000000000000000000000000000000000000 451776831368157800000000000000000000000000000000000000000000000
304 3200.00 244712450324418800000000000000000000000000000000000000000000000 -244712450324418800000000000000000000000000000000000000000000000 400.00 696489281692576500000000000000000000000000000000000000000000000 696489281692576500000000000000000000000000000000000000000000000
305 3200.00 377265027583478900000000000000000000000000000000000000000000000 -377265027583478900000000000000000000000000000000000000000000000 400.00 1073754309276055400000000000000000000000000000000000000000000000 1073754309276055400000000000000000000000000000000000000000000000
306 3200.00 581616917524529950000000000000000000000000000000000000000000000 -581616917524529950000000000000000000000000000000000000000000000 400.00 1655371226800585400000000000000000000000000000000000000000000000 1655371226800585400000000000000000000000000000000000000000000000
307 3200.00 896659414516983700000000000000000000000000000000000000000000000 -896659414516983700000000000000000000000000000000000000000000000 400.00 2552030641317569000000000000000000000000000000000000000000000000 2552030641317569000000000000000000000000000000000000000000000000
308 3200.00 1382349930713683200000000000000000000000000000000000000000000000 -1382349930713683200000000000000000000000000000000000000000000000 400.00 3934380572031252000000000000000000000000000000000000000000000000 3934380572031252000000000000000000000000000000000000000000000000
309 3200.00 2131122809850261600000000000000000000000000000000000000000000000 -2131122809850261600000000000000000000000000000000000000000000000 400.00 6065503381881514000000000000000000000000000000000000000000000000 6065503381881514000000000000000000000000000000000000000000000000
310 3200.00 3285480998519153000000000000000000000000000000000000000000000000 -3285480998519153000000000000000000000000000000000000000000000000 400.00 9350984380400667000000000000000000000000000000000000000000000000 9350984380400667000000000000000000000000000000000000000000000000
311 3200.00 5065116539383694000000000000000000000000000000000000000000000000 -5065116539383694000000000000000000000000000000000000000000000000 400.00 14416100919784360000000000000000000000000000000000000000000000000 14416100919784360000000000000000000000000000000000000000000000000
312 3200.00 7808721331549861000000000000000000000000000000000000000000000000 -7808721331549861000000000000000000000000000000000000000000000000 400.00 22224822251334222000000000000000000000000000000000000000000000000 22224822251334222000000000000000000000000000000000000000000000000
313 3200.00 12038445386139370000000000000000000000000000000000000000000000000 -12038445386139370000000000000000000000000000000000000000000000000 400.00 34263267637473590000000000000000000000000000000000000000000000000 34263267637473590000000000000000000000000000000000000000000000000
314 3200.00 18559269970298194000000000000000000000000000000000000000000000000 -18559269970298194000000000000000000000000000000000000000000000000 400.00 52822537607771780000000000000000000000000000000000000000000000000 52822537607771780000000000000000000000000000000000000000000000000
315 3200.00 28612207870876380000000000000000000000000000000000000000000000000 -28612207870876380000000000000000000000000000000000000000000000000 400.00 81434745478648170000000000000000000000000000000000000000000000000 81434745478648170000000000000000000000000000000000000000000000000
316 3200.00 44110487134267757000000000000000000000000000000000000000000000000 -44110487134267757000000000000000000000000000000000000000000000000 400.00 125545232612915930000000000000000000000000000000000000000000000000 125545232612915930000000000000000000000000000000000000000000000000
317 3200.00 68003667665329460000000000000000000000000000000000000000000000000 -68003667665329460000000000000000000000000000000000000000000000000 400.00 193548900278245390000000000000000000000000000000000000000000000000 193548900278245390000000000000000000000000000000000000000000000000
318 3200.00 104838987650716240000000000000000000000000000000000000000000000000 -104838987650716240000000000000000000000000000000000000000000000000 400.00 298387887928961650000000000000000000000000000000000000000000000000 298387887928961650000000000000000000000000000000000000000000000000
319 3200.00 161626772628187560000000000000000000000000000000000000000000000000 -161626772628187560000000000000000000000000000000000000000000000000 400.00 460014660557149200000000000000000000000000000000000000000000000000 460014660557149200000000000000000000000000000000000000000000000000
320 3200.00 249174607801789140000000000000000000000000000000000000000000000000 -249174607801789140000000000000000000000000000000000000000000000000 400.00 709189268358938400000000000000000000000000000000000000000000000000 709189268358938400000000000000000000000000000000000000000000000000
321 3200.00 384144187027758260000000000000000000000000000000000000000000000000 -384144187027758260000000000000000000000000000000000000000000000000 400.00 1093333455386696700000000000000000000000000000000000000000000000000 1093333455386696700000000000000000000000000000000000000000000000000
322 3200.00 592222288334460700000000000000000000000000000000000000000000000000 -592222288334460700000000000000000000000000000000000000000000000000 400.00 1685555743721157200000000000000000000000000000000000000000000000000 1685555743721157200000000000000000000000000000000000000000000000000
323 3200.00 913009361182293300000000000000000000000000000000000000000000000000 -913009361182293300000000000000000000000000000000000000000000000000 400.00 2598565104903450600000000000000000000000000000000000000000000000000 2598565104903450600000000000000000000000000000000000000000000000000
324 3200.00 1407556098489368900000000000000000000000000000000000000000000000000 -1407556098489368900000000000000000000000000000000000000000000000000 400.00 4006121203392820000000000000000000000000000000000000000000000000000 4006121203392820000000000000000000000000000000000000000000000000000
325 3200.00 2169982318504444000000000000000000000000000000000000000000000000000 -2169982318504444000000000000000000000000000000000000000000000000000 400.00 6176103521897263500000000000000000000000000000000000000000000000000 6176103521897263500000000000000000000000000000000000000000000000000
326 3200.00 3345389407694351000000000000000000000000000000000000000000000000000 -3345389407694351000000000000000000000000000000000000000000000000000 400.00 9521492929591615000000000000000000000000000000000000000000000000000 9521492929591615000000000000000000000000000000000000000000000000000
327 3200.00 5157475336862125000000000000000000000000000000000000000000000000000 -5157475336862125000000000000000000000000000000000000000000000000000 400.00 14678968266453740000000000000000000000000000000000000000000000000000 14678968266453740000000000000000000000000000000000000000000000000000
328 3200.00 7951107810995775000000000000000000000000000000000000000000000000000 -7951107810995775000000000000000000000000000000000000000000000000000 400.00 22630076077449516000000000000000000000000000000000000000000000000000 22630076077449516000000000000000000000000000000000000000000000000000
329 3200.00 12257957875285154000000000000000000000000000000000000000000000000000 -12257957875285154000000000000000000000000000000000000000000000000000 400.00 34888033952734670000000000000000000000000000000000000000000000000000 34888033952734670000000000000000000000000000000000000000000000000000
330 3200.00 18897685057731276000000000000000000000000000000000000000000000000000 -18897685057731276000000000000000000000000000000000000000000000000000 400.00 53785719010465944000000000000000000000000000000000000000000000000000 53785719010465944000000000000000000000000000000000000000000000000000
331 3200.00 29133931130669050000000000000000000000000000000000000000000000000000 -29133931130669050000000000000000000000000000000000000000000000000000 400.00 82919650141134990000000000000000000000000000000000000000000000000000 82919650141134990000000000000000000000000000000000000000000000000000
332 3200.00 44914810493114783000000000000000000000000000000000000000000000000000 -44914810493114783000000000000000000000000000000000000000000000000000 400.00 127834460634249780000000000000000000000000000000000000000000000000000 127834460634249780000000000000000000000000000000000000000000000000000
333 3200.00 69243666176885290000000000000000000000000000000000000000000000000000 -69243666176885290000000000000000000000000000000000000000000000000000 400.00 197078126811135050000000000000000000000000000000000000000000000000000 197078126811135050000000000000000000000000000000000000000000000000000
334 3200.00 106750652022698150000000000000000000000000000000000000000000000000000 -106750652022698150000000000000000000000000000000000000000000000000000 400.00 303828778833833230000000000000000000000000000000000000000000000000000 303828778833833230000000000000000000000000000000000000000000000000000
335 3200.00 164573921868326320000000000000000000000000000000000000000000000000000 -164573921868326320000000000000000000000000000000000000000000000000000 400.00 468402700702159600000000000000000000000000000000000000000000000000000 468402700702159600000000000000000000000000000000000000000000000000000
336 3200.00 253718129547003100000000000000000000000000000000000000000000000000000 -253718129547003100000000000000000000000000000000000000000000000000000 400.00 722120830249162600000000000000000000000000000000000000000000000000000 722120830249162600000000000000000000000000000000000000000000000000000
337 3200.00 391148783051629730000000000000000000000000000000000000000000000000000 -391148783051629730000000000000000000000000000000000000000000000000000 400.00 1113269613300792400000000000000000000000000000000000000000000000000000 1113269613300792400000000000000000000000000000000000000000000000000000
338 3200.00 603021040537929200000000000000000000000000000000000000000000000000000 -603021040537929200000000000000000000000000000000000000000000000000000 400.00 1716290653838721600000000000000000000000000000000000000000000000000000 1716290653838721600000000000000000000000000000000000000000000000000000
339 3200.00 929657437495974000000000000000000000000000000000000000000000000000000 -929657437495974000000000000000000000000000000000000000000000000000000 400.00 2645948091334695600000000000000000000000000000000000000000000000000000 2645948091334695600000000000000000000000000000000000000000000000000000
340 3200.00 1433221882806293400000000000000000000000000000000000000000000000000000 -1433221882806293400000000000000000000000000000000000000000000000000000 400.00 4079169974140989000000000000000000000000000000000000000000000000000000 4079169974140989000000000000000000000000000000000000000000000000000000
341 3200.00 2209550402659702000000000000000000000000000000000000000000000000000000 -2209550402659702000000000000000000000000000000000000000000000000000000 400.00 6288720376800690400000000000000000000000000000000000000000000000000000 6288720376800690400000000000000000000000000000000000000000000000000000
342 3200.00 3406390204100373800000000000000000000000000000000000000000000000000000 -3406390204100373800000000000000000000000000000000000000000000000000000 400.00 9695110580901063000000000000000000000000000000000000000000000000000000 9695110580901063000000000000000000000000000000000000000000000000000000
343 3200.00 5251518231321409000000000000000000000000000000000000000000000000000000 -5251518231321409000000000000000000000000000000000000000000000000000000 400.00 14946628812222473000000000000000000000000000000000000000000000000000000 14946628812222473000000000000000000000000000000000000000000000000000000
344 3200.00 8096090606620506000000000000000000000000000000000000000000000000000000 -8096090606620506000000000000000000000000000000000000000000000000000000 400.00 23042719418842977000000000000000000000000000000000000000000000000000000 23042719418842977000000000000000000000000000000000000000000000000000000
345 3200.00 12481473018539944000000000000000000000000000000000000000000000000000000 -12481473018539944000000000000000000000000000000000000000000000000000000 400.00 35524192437382920000000000000000000000000000000000000000000000000000000 35524192437382920000000000000000000000000000000000000000000000000000000
346 3200.00 19242270903582412000000000000000000000000000000000000000000000000000000 -19242270903582412000000000000000000000000000000000000000000000000000000 400.00 54766463340965330000000000000000000000000000000000000000000000000000000 54766463340965330000000000000000000000000000000000000000000000000000000
347 3200.00 29665167643022883000000000000000000000000000000000000000000000000000000 -29665167643022883000000000000000000000000000000000000000000000000000000 400.00 84431630983988220000000000000000000000000000000000000000000000000000000 84431630983988220000000000000000000000000000000000000000000000000000000
348 3200.00 45733800116326950000000000000000000000000000000000000000000000000000000 -45733800116326950000000000000000000000000000000000000000000000000000000 400.00 130165431100315160000000000000000000000000000000000000000000000000000000 130165431100315160000000000000000000000000000000000000000000000000000000
349 3200.00 70506275179337380000000000000000000000000000000000000000000000000000000 -70506275179337380000000000000000000000000000000000000000000000000000000 400.00 200671706279652540000000000000000000000000000000000000000000000000000000 200671706279652540000000000000000000000000000000000000000000000000000000
350 3200.00 108697174234811780000000000000000000000000000000000000000000000000000000 -108697174234811780000000000000000000000000000000000000000000000000000000 400.00 309368880514464300000000000000000000000000000000000000000000000000000000 309368880514464300000000000000000000000000000000000000000000000000000000
351 3200.00 167574810278668160000000000000000000000000000000000000000000000000000000 -167574810278668160000000000000000000000000000000000000000000000000000000 400.00 476943690793132500000000000000000000000000000000000000000000000000000000 476943690793132500000000000000000000000000000000000000000000000000000000
352 3200.00 258344499179613450000000000000000000000000000000000000000000000000000000 -258344499179613450000000000000000000000000000000000000000000000000000000 400.00 735288189972745900000000000000000000000000000000000000000000000000000000 735288189972745900000000000000000000000000000000000000000000000000000000
353 3200.00 398281102901904000000000000000000000000000000000000000000000000000000000 -398281102901904000000000000000000000000000000000000000000000000000000000 400.00 1133569292874650000000000000000000000000000000000000000000000000000000000 1133569292874650000000000000000000000000000000000000000000000000000000000
354 3200.00 614016700307102100000000000000000000000000000000000000000000000000000000 -614016700307102100000000000000000000000000000000000000000000000000000000 400.00 1747585993181752100000000000000000000000000000000000000000000000000000000 1747585993181752100000000000000000000000000000000000000000000000000000000
355 3200.00 946609079640115600000000000000000000000000000000000000000000000000000000 -946609079640115600000000000000000000000000000000000000000000000000000000 400.00 2694195072821867700000000000000000000000000000000000000000000000000000000 2694195072821867700000000000000000000000000000000000000000000000000000000
356 3200.00 1459355664445178200000000000000000000000000000000000000000000000000000000 -1459355664445178200000000000000000000000000000000000000000000000000000000 400.00 4153550737267046000000000000000000000000000000000000000000000000000000000 4153550737267046000000000000000000000000000000000000000000000000000000000
357 3200.00 2249839982686316600000000000000000000000000000000000000000000000000000000 -2249839982686316600000000000000000000000000000000000000000000000000000000 400.00 6403390719953363000000000000000000000000000000000000000000000000000000000 6403390719953363000000000000000000000000000000000000000000000000000000000
358 3200.00 3468503306641404700000000000000000000000000000000000000000000000000000000 -3468503306641404700000000000000000000000000000000000000000000000000000000 400.00 9871894026594767000000000000000000000000000000000000000000000000000000000 9871894026594767000000000000000000000000000000000000000000000000000000000
359 3200.00 5347275931072165000000000000000000000000000000000000000000000000000000000 -5347275931072165000000000000000000000000000000000000000000000000000000000 400.00 15219169957666932000000000000000000000000000000000000000000000000000000000 15219169957666932000000000000000000000000000000000000000000000000000000000
360 3200.00 8243717060402920000000000000000000000000000000000000000000000000000000000 -8243717060402920000000000000000000000000000000000000000000000000000000000 400.00 23462887018069852000000000000000000000000000000000000000000000000000000000 23462887018069852000000000000000000000000000000000000000000000000000000000
================================================================================
TOTAL INTEREST PAID: 23462887018069852000000000000000000000000000000000000000000000000000000000
